Weights:[[[0.01, 0.01], [[-0.994002, -0.994002, -0.994002, -0.994002]]], [[0.01, 1], [[1.25349899, 1.25349899, 1.25349899, 1.25349899]]], [[1, 0.01], [[1.25349899, 1.25349899, 1.25349899, 1.25349899]]], [[1, 1], [[-0.499128, -0.499128, -0.499128, -0.499128]]]]
Activation:sigmoid
hiddenNodes:4